Inspecting: E:\PythonProjects\audiogen-beamngpy\trials\trial_1.zarr

Nonzero label rows and corresponding features:

Edge samples: labels

[doa_labels] shape=(1, 3600, 12) dtype=float32 time_axis=1
First 5 time rows:
[[[0. 0. 0. 0. 0. 0. 0. 0. 0. 0. 0. 0.]
  [0. 0. 0. 0. 0. 0. 0. 0. 0. 0. 0. 0.]
  [0. 0. 0. 0. 0. 0. 0. 0. 0. 0. 0. 0.]
  [0. 0. 0. 0. 0. 0. 0. 0. 0. 0. 0. 0.]
  [0. 0. 0. 0. 0. 0. 0. 0. 0. 0. 0. 0.]]]
Last 5 time rows:
[[[0. 0. 0. 0. 0. 0. 0. 0. 0. 0. 0. 0.]
  [0. 0. 0. 0. 0. 0. 0. 0. 0. 0. 0. 0.]
  [0. 0. 0. 0. 0. 0. 0. 0. 0. 0. 0. 0.]
  [0. 0. 0. 0. 0. 0. 0. 0. 0. 0. 0. 0.]
  [0. 0. 0. 0. 0. 0. 0. 0. 0. 0. 0. 0.]]]

[sed_labels] shape=(1, 3600, 6) dtype=float32 time_axis=1
First 5 time rows:
[[[0. 0. 0. 0. 0. 0.]
  [0. 0. 0. 0. 0. 0.]
  [0. 0. 0. 0. 0. 0.]
  [0. 0. 0. 0. 0. 0.]
  [0. 0. 0. 0. 0. 0.]]]
Last 5 time rows:
[[[0. 0. 0. 0. 0. 0.]
  [0. 0. 0. 0. 0. 0.]
  [0. 0. 0. 0. 0. 0.]
  [0. 0. 0. 0. 0. 0.]
  [0. 0. 0. 0. 0. 0.]]]

Edge samples: features

[doa_features] shape=(5, 36000, 128) dtype=float32 time_axis=1
First 5 time rows:
[[[-7.00000095e+00 -7.00000095e+00 -7.00000095e+00 ... -7.00000095e+00
   -7.00000095e+00 -7.00000095e+00]
  [-9.66988981e-01 -8.16766918e-01 -7.22422540e-01 ... -2.74558711e+00
   -2.72764373e+00 -2.91413212e+00]
  [-5.07459462e-01 -2.72555381e-01 -1.55472055e-01 ... -2.47652483e+00
   -2.48834419e+00 -2.61797976e+00]
  [-6.39297426e-01 -1.90569013e-01 -4.68342006e-02 ... -2.45633769e+00
   -2.50724435e+00 -2.58418131e+00]
  [-7.71986783e-01 -1.39163718e-01  1.29564060e-02 ... -2.50749278e+00
   -2.52091885e+00 -2.46424961e+00]]

 [[-7.00000095e+00 -7.00000095e+00 -7.00000095e+00 ... -7.00000095e+00
   -7.00000095e+00 -7.00000095e+00]
  [-1.24303305e+00 -1.08843899e+00 -9.92619932e-01 ... -3.06602311e+00
   -3.04020119e+00 -3.27028227e+00]
  [-7.65437663e-01 -5.38639188e-01 -4.23284262e-01 ... -2.75688386e+00
   -2.76584506e+00 -2.88501453e+00]
  [-9.06967640e-01 -4.58694309e-01 -3.14990819e-01 ... -2.70846272e+00
   -2.75243115e+00 -2.82319689e+00]
  [-1.03979588e+00 -3.98864985e-01 -2.46519104e-01 ... -2.75464034e+00
   -2.76781225e+00 -2.71938229e+00]]

 [[-7.00000095e+00 -7.00000095e+00 -7.00000095e+00 ... -7.00000095e+00
   -7.00000095e+00 -7.00000095e+00]
  [-2.38706541e+00 -2.40396190e+00 -2.41916704e+00 ... -4.35402441e+00
   -4.48571348e+00 -4.36429453e+00]
  [-2.06056619e+00 -2.09327555e+00 -2.12951684e+00 ... -4.02547359e+00
   -4.05101299e+00 -4.04753160e+00]
  [-2.34097910e+00 -2.07726216e+00 -1.95462608e+00 ... -3.95784450e+00
   -3.97022557e+00 -4.05576801e+00]
  [-2.74867749e+00 -2.33237290e+00 -2.19106007e+00 ... -4.12873936e+00
   -4.05792952e+00 -4.00035715e+00]]

 [[ 0.00000000e+00  0.00000000e+00  0.00000000e+00 ...  0.00000000e+00
    0.00000000e+00  0.00000000e+00]
  [ 5.29410124e-01  5.34905851e-01  5.36784768e-01 ...  4.62135136e-01
    4.70706552e-01  4.06013101e-01]
  [ 5.52103639e-01  5.41861176e-01  5.39726079e-01 ...  5.17448068e-01
    5.19960463e-01  5.23560643e-01]
  [ 5.39817095e-01  5.39244294e-01  5.39204836e-01 ...  5.54968417e-01
    5.62656164e-01  5.68045855e-01]
  [ 5.39481461e-01  5.49880207e-01  5.50175369e-01 ...  5.60078323e-01
    5.59905469e-01  5.50938070e-01]]

 [[ 0.00000000e+00  0.00000000e+00  0.00000000e+00 ...  0.00000000e+00
    0.00000000e+00  0.00000000e+00]
  [-2.34402027e-02 -1.91786159e-02 -1.77217443e-02 ... -1.94982663e-02
   -1.51136415e-02 -2.83185747e-02]
  [ 2.24779192e-02  7.20488233e-03  4.02118172e-03 ... -1.78743079e-02
   -1.91882048e-02 -1.84862707e-02]
  [ 1.87364351e-02  1.19485455e-02  1.14810364e-02 ... -2.62976326e-02
   -2.02915147e-02  9.72523296e-04]
  [-1.98859908e-03  5.19118318e-03  5.39498497e-03 ... -1.58089083e-02
   -2.34458819e-02 -2.16237139e-02]]]
Last 5 time rows:
[[[-1.37638643e-01 -7.89578259e-02 -2.75083333e-02 ... -2.56908846e+00
   -2.88897252e+00 -2.71988893e+00]
  [-1.81049734e-01  7.82707520e-03  1.13951318e-01 ... -2.44111419e+00
   -2.62158155e+00 -2.65534377e+00]
  [-3.34513456e-01 -4.29516196e-01 -6.08269930e-01 ... -2.71537924e+00
   -2.66608071e+00 -2.69024944e+00]
  [-2.31838331e-01 -2.98941076e-01 -3.97238612e-01 ... -2.61694956e+00
   -2.58873987e+00 -2.71099734e+00]
  [-1.95214257e-01  3.66848856e-02  1.53136551e-01 ... -2.73734689e+00
   -2.53971910e+00 -2.53722501e+00]]

 [[-4.30249214e-01 -3.35723668e-01 -2.64247328e-01 ... -2.79651213e+00
   -3.15534687e+00 -2.98136067e+00]
  [-4.33292300e-01 -2.80584812e-01 -1.85397193e-01 ... -2.68216634e+00
   -2.87102222e+00 -2.91717744e+00]
  [-5.36488056e-01 -5.55029273e-01 -5.72261870e-01 ... -2.96022558e+00
   -2.92498970e+00 -2.94020391e+00]
  [-4.67373967e-01 -5.52432597e-01 -6.97745085e-01 ... -2.92017150e+00
   -2.83696222e+00 -2.95713854e+00]
  [-4.70980763e-01 -2.23349571e-01 -1.03704683e-01 ... -2.96758270e+00
   -2.77101731e+00 -2.76731753e+00]]

 [[-1.04300857e+00 -8.16274226e-01 -7.00933337e-01 ... -3.72393727e+00
   -3.74848795e+00 -3.65404010e+00]
  [-1.11831760e+00 -9.90262747e-01 -9.04046953e-01 ... -3.78178525e+00
   -3.76305151e+00 -3.76312780e+00]
  [-1.15987957e+00 -9.91422236e-01 -8.91179383e-01 ... -3.75622511e+00
   -3.76297450e+00 -3.79970002e+00]
  [-1.11296606e+00 -1.04716766e+00 -9.91317391e-01 ... -3.77168584e+00
   -3.72578859e+00 -3.78898311e+00]
  [-1.11483896e+00 -9.42900956e-01 -8.41604292e-01 ... -3.76063943e+00
   -3.80468702e+00 -3.68379378e+00]]

 [[ 5.09655058e-01  5.51647484e-01  5.78309417e-01 ...  5.80040753e-01
    4.91261780e-01  5.26697576e-01]
  [ 5.57612777e-01  5.13751566e-01  5.01864910e-01 ...  5.68818152e-01
    5.45363963e-01  5.29715240e-01]
  [ 6.27131939e-01  7.21683502e-01  1.07337546e+00 ...  5.48519373e-01
    5.28345466e-01  5.43486238e-01]
  [ 5.79981089e-01  5.25922835e-01  4.03843015e-01 ...  4.84882057e-01
    5.49559295e-01  5.45490682e-01]
  [ 5.26340365e-01  5.48714519e-01  5.53457201e-01 ...  5.64900637e-01
    5.77386916e-01  5.79219162e-01]]

 [[ 1.20917402e-01  1.19929515e-01  1.19302280e-01 ... -1.65468063e-02
   -2.04719454e-02 -2.07339115e-02]
  [ 1.00370020e-01  6.58598095e-02  5.65073304e-02 ... -2.07616780e-02
   -1.95965613e-03 -2.02380288e-02]
  [ 1.10575795e-01  1.60813153e-01  3.47675025e-01 ... -2.25197691e-02
   -2.18176167e-03 -3.62920645e-03]
  [ 6.44407421e-02 -1.46226753e-02 -1.93171531e-01 ...  2.40072478e-02
   -2.21095961e-02 -2.24468671e-02]
  [ 7.44780600e-02  9.02208909e-02  9.35579538e-02 ...  2.21737772e-02
   -3.33781727e-02 -4.82397191e-02]]]

[sed_features] shape=(1, 36000, 128) dtype=float32 time_axis=1
First 5 time rows:
[[[-7.000001   -7.000001   -7.000001   -7.000001   -7.000001
   -7.000001   -7.000001   -7.000001   -7.000001   -7.000001
   -7.000001   -7.000001   -7.000001   -7.000001   -7.000001
   -7.000001   -7.000001   -7.000001   -7.000001   -7.000001
   -7.000001   -7.000001   -7.000001   -7.000001   -7.000001
   -7.000001   -7.000001   -7.000001   -7.000001   -7.000001
   -7.000001   -7.000001   -7.000001   -7.000001   -7.000001
   -7.000001   -7.000001   -7.000001   -7.000001   -7.000001
   -7.000001   -7.000001   -7.000001   -7.000001   -7.000001
   -7.000001   -7.000001   -7.000001   -7.000001   -7.000001
   -7.000001   -7.000001   -7.000001   -7.000001   -7.000001
   -7.000001   -7.000001   -7.000001   -7.000001   -7.000001
   -7.000001   -7.000001   -7.000001   -7.000001   -7.000001
   -7.000001   -7.000001   -7.000001   -7.000001   -7.000001
   -7.000001   -7.000001   -7.000001   -7.000001   -7.000001
   -7.000001   -7.000001   -7.000001   -7.000001   -7.000001
   -7.000001   -7.000001   -7.000001   -7.000001   -7.000001
   -7.000001   -7.000001   -7.000001   -7.000001   -7.000001
   -7.000001   -7.000001   -7.000001   -7.000001   -7.000001
   -7.000001   -7.000001   -7.000001   -7.000001   -7.000001
   -7.000001   -7.000001   -7.000001   -7.000001   -7.000001
   -7.000001   -7.000001   -7.000001   -7.000001   -7.000001
   -7.000001   -7.000001   -7.000001   -7.000001   -7.000001
   -7.000001   -7.000001   -7.000001   -7.000001   -7.000001
   -7.000001   -7.000001   -7.000001   -7.000001   -7.000001
   -7.000001   -7.000001   -7.000001  ]
  [-0.966989   -0.8167669  -0.72242254 -0.55062133 -0.6427274
   -0.6811845  -0.7261651  -0.8405106  -1.2246703  -1.310898
   -1.4062634  -1.1644443  -1.19159    -1.2027342  -1.2070146
   -1.2477528  -1.4790944  -1.5366803  -1.5894225  -1.4338504
   -1.3964316  -1.3498509  -1.2814049  -1.1972657  -1.3127652
   -1.3699912  -1.4662942  -1.7692202  -1.6816802  -1.5669371
   -1.4317466  -1.3441622  -1.451455   -1.4873161  -1.5212498
   -1.5556159  -1.6176347  -1.6140234  -1.5726804  -1.6011153
   -1.803363   -1.9272692  -2.4398777  -1.9428207  -1.6915274
   -1.5873545  -1.5324875  -1.5203304  -1.5579253  -1.6541922
   -1.8115073  -1.9921883  -1.9718618  -1.861826   -1.742293
   -1.6058644  -1.5283769  -1.5156103  -1.5835507  -1.7338358
   -1.9507061  -2.2317772  -2.392689   -2.0509984  -1.9186523
   -1.9115566  -2.0898852  -1.833218   -1.5245103  -1.357414
   -1.313282   -1.4330513  -1.7126471  -1.8982527  -1.634078
   -1.5132571  -1.5040703  -1.6089882  -1.7099862  -1.8433709
   -1.8507527  -1.7767787  -1.8455031  -2.104921   -2.3860464
   -2.174671   -2.1811323  -2.1675208  -2.185491   -2.45742
   -2.5846548  -2.3933082  -2.3662589  -2.2051835  -2.1550963
   -2.3812723  -2.489312   -2.3046877  -2.343471   -2.472802
   -2.5109768  -2.596369   -2.7175386  -2.3141212  -2.3988638
   -2.5932438  -2.3894498  -2.2853112  -2.302878   -2.4177928
   -2.5680635  -2.5758362  -2.5219436  -2.51962    -2.7368608
   -2.8219335  -2.629562   -2.4583154  -2.597518   -2.4190345
   -2.4104385  -2.65269    -2.6015024  -2.6104047  -2.786058
   -2.745587   -2.7276437  -2.914132  ]
  [-0.50745946 -0.27255538 -0.15547206  0.09187899  0.04952203
   -0.00930488 -0.09559476 -0.54673886 -1.2574509  -1.1177092
   -0.9608239  -0.62410784 -0.8885329  -0.93528545 -0.9662868
   -0.6989295  -0.97374046 -1.0406185  -1.0959703  -0.74173754
   -0.4630394  -0.35751256 -0.24761793 -0.16991894 -0.31383887
   -0.3697391  -0.4464361  -0.49932486 -0.56215394 -0.58610535
   -0.608707   -0.91964376 -0.93029034 -0.88636    -0.80023503
   -0.9967538  -0.999575   -0.9142036  -0.77812773 -0.9077284
   -1.3283305  -1.6279491  -1.4159919  -1.1466084  -1.0511609
   -1.024883   -1.0421411  -1.095841   -1.122311   -1.2354784
   -2.3460171  -1.4155416  -1.503221   -1.2182338  -0.9415902
   -0.85280895 -0.88392746 -0.9278571  -1.0515507  -1.2999362
   -1.4154912  -1.260201   -1.3709233  -1.6842653  -1.5314461
   -1.3873532  -1.762533   -1.6739358  -1.180055   -0.9132618
   -0.7919207  -0.9718015  -1.2531748  -1.3579379  -1.2384163
   -1.1867099  -1.19264    -1.4467459  -1.3721721  -1.522452
   -1.5643605  -1.4446126  -1.288385   -1.7324567  -1.5912081
   -1.5258981  -1.7522072  -1.6690882  -1.5014328  -1.7120761
   -1.8478822  -1.803778   -2.1169083  -1.979669   -1.8274289
   -1.9060533  -2.146331   -1.9708039  -1.9283328  -1.7698928
   -1.9394078  -1.9863031  -2.2242582  -1.8409146  -2.0262947
   -2.0844367  -2.1425006  -2.054581   -2.0679603  -2.1729147
   -2.2070856  -2.3087559  -2.320447   -2.2274222  -2.4373295
   -2.438128   -2.2261953  -2.188879   -2.4221618  -2.2138202
   -2.2300634  -2.2528803  -2.2887573  -2.405942   -2.498086
   -2.4765248  -2.4883442  -2.6179798 ]
  [-0.6392974  -0.19056901 -0.0468342  -0.70772034  0.0857024
    0.05573903  0.01829792 -0.17123142 -0.45831615 -0.5823249
   -0.92036474 -0.5864256  -0.6656493  -0.7252578  -0.82358027
   -0.98547953 -0.7296105  -0.72515893 -0.718549   -0.2869847
   -0.15455084 -0.18358542 -0.24344034 -0.2661184  -0.37929767
   -0.44647124 -0.5837992  -1.2475791  -0.5143028  -0.45726478
   -0.38618234 -0.6536042  -0.879928   -0.8858383  -0.7989673
   -0.8505771  -0.8573004  -0.70895594 -0.5284863  -0.5734824
   -0.87546504 -1.0570028  -1.2657524  -1.115151   -1.068674
   -1.264727   -1.4609405  -1.2855191  -1.3228619  -1.0613389
   -1.107381   -1.1961817  -1.1440053  -0.98546106 -0.9338237
   -0.95504105 -1.4643621  -1.119534   -1.2890108  -1.1670275
   -1.1656715  -0.9979655  -1.0858439  -1.8589917  -1.6111928
   -1.1287496  -1.2111455  -1.322699   -1.4616835  -1.3371652
   -0.9640216  -1.1442125  -1.3377177  -1.177556   -1.0989829
   -1.2200456  -1.5837086  -1.1908568  -1.2572682  -1.1566079
   -1.3263414  -1.3528063  -1.1954265  -1.488879   -1.6169654
   -1.7239689  -1.8496997  -1.774361   -1.641454   -1.6199055
   -1.7418381  -1.8573099  -1.7243427  -1.7998077  -2.2166
   -2.0607646  -2.080018   -2.0507197  -1.9491787  -1.7764915
   -1.9169483  -1.894507   -2.030193   -1.995557   -2.0599322
   -2.1367836  -2.0684528  -1.8715259  -2.0276737  -2.257118
   -2.15912    -2.1954248  -2.466592   -2.2342713  -2.5340414
   -2.3771348  -2.1123347  -2.337682   -2.3658202  -2.453723
   -2.4923441  -2.2645802  -2.2641528  -2.3896077  -2.3898516
   -2.4563377  -2.5072443  -2.5841813 ]
  [-0.7719868  -0.13916372  0.01295641  0.31204697  0.16055712
    0.06729013 -0.1166348   0.06722045 -0.04266069 -0.14816038
   -0.42777058 -1.0082589  -0.7662137  -0.651547   -0.54961765
   -0.4266382  -0.49528685 -0.61083436 -1.409751   -0.43196747
   -0.47459418 -0.46369904 -0.43058726 -0.49970788 -0.71310747
   -0.77860844 -0.84034306 -0.8485689  -0.8010756  -0.704288
   -0.57982564 -0.6240403  -0.9979818  -1.1175681  -1.0321289
   -0.8892605  -1.0129358  -0.94638324 -0.8065176  -0.6352968
   -1.0632272  -1.5498655  -1.3720218  -1.6376898  -1.1110365
   -1.1794577  -1.2590814  -1.2422985  -1.2120302  -1.4466116
   -2.8595371  -1.2406465  -1.205665   -1.4731731  -1.6365026
   -1.3303003  -1.1609045  -1.4324715  -1.2443006  -1.0447514
   -1.0934354  -0.962886   -0.9040052  -1.2628086  -1.2476361
   -1.1287235  -1.2702969  -1.2077652  -1.1502378  -1.21422
   -1.368168   -1.4120258  -1.4742312  -1.3645896  -1.1325896
   -0.9021715  -1.1908214  -1.3093387  -1.3228441  -1.2829231
   -1.3459295  -1.2959857  -1.2151145  -1.3357111  -1.6218488
   -1.8496488  -1.7922492  -1.601789   -1.7878842  -1.5389577
   -1.794619   -1.8955166  -1.7053007  -1.7925907  -2.0543022
   -1.7114105  -1.6979864  -2.017061   -2.1136096  -2.1178195
   -1.7123199  -1.9018213  -2.014046   -1.8018628  -2.1661844
   -2.2965844  -1.9156915  -1.8215721  -2.0363548  -2.0348377
   -2.0914185  -2.1637576  -2.2595227  -2.2901683  -2.2299964
   -2.3637526  -2.0989928  -2.463219   -2.3309803  -2.4047477
   -2.3084679  -2.4396505  -2.409876   -2.4347806  -2.3539777
   -2.5074928  -2.5209188  -2.4642496 ]]]
Last 5 time rows:
[[[-0.13763864 -0.07895783 -0.02750833  0.39253283  0.22055063
    0.11389944 -0.13254926 -0.14493525 -0.13088441 -0.20363954
   -0.34185225 -0.39555    -0.20258407 -0.23718956 -0.29430565
   -0.22719947 -0.29067892 -0.36661023 -0.54040843 -0.43611452
   -0.6861919  -0.72038573 -0.70876205 -0.5829585  -0.58639985
   -0.5450472  -0.47408584 -0.6590322  -0.8767793  -0.60567117
   -0.39646968 -0.31946692 -0.65192825 -0.7168142  -0.6217456
   -0.35899776 -0.55404615 -0.6562739  -0.8898076  -0.70650643
   -0.7277399  -0.731889   -0.73283166 -0.52075624 -0.4548362
   -0.49301377 -0.63137555 -0.9860267  -0.7332999  -1.1054821
   -0.5540334  -0.69735485 -0.8294034  -0.70962423 -0.99817437
   -1.2484944  -1.315813   -1.0002426  -1.0787284  -1.1032617
   -0.94856906 -0.8272678  -1.000254   -1.0163934  -1.0306642
   -0.81737983 -0.805688   -0.95436525 -1.1860213  -0.9847387
   -0.8539264  -0.9575189  -1.1004777  -1.29854    -1.5036124
   -1.3190874  -1.28484    -1.7831937  -1.5085485  -1.1234379
   -1.122446   -1.2423234  -1.3979894  -1.5384195  -1.3425764
   -1.319343   -1.5855396  -1.7684482  -1.5080701  -1.4471025
   -1.7098486  -1.896465   -1.6912796  -1.875475   -1.8100753
   -1.7650584  -2.1395848  -1.9554219  -1.8513086  -1.9087808
   -2.2796276  -2.1103718  -1.8080444  -1.8234085  -2.144388
   -2.2003527  -2.0842137  -2.1795948  -2.0892277  -2.4038596
   -2.2142265  -2.1959963  -2.0233214  -2.3181272  -2.1154137
   -2.3050337  -2.3683708  -2.5159743  -2.380592   -2.5633423
   -2.580631   -2.4827306  -2.5928     -2.5511744  -2.4573548
   -2.5690885  -2.8889725  -2.719889  ]
  [-0.18104973  0.00782708  0.11395132  0.3576257  -0.18613054
   -0.02188616  0.09543139  0.14356972 -0.5573636  -0.4760924
   -0.3302989  -0.4344205  -0.42291167 -0.24941556 -0.12005428
   -0.4260153  -1.0335503  -0.71888745 -0.5185305  -0.40782347
   -0.6521292  -0.72933054 -0.8159132  -0.33497718 -0.17043366
   -0.17028974 -0.17397147 -0.36362317 -0.6207504  -0.7501752
   -1.0742311  -0.7366086  -0.96999496 -0.78950596 -0.58596903
   -1.4323001  -0.99009246 -1.0271735  -1.3236129  -1.1155783
   -0.54391617 -0.45970288 -0.35973877 -0.6308017  -0.79997754
   -0.95919806 -0.9289559  -0.80295974 -0.8611498  -0.58859915
   -0.5730992  -1.8441831  -0.8415729  -1.3097467  -0.74256736
   -0.61193556 -0.52461493 -0.4940593  -0.65822536 -1.0380613
   -0.9296203  -0.9456098  -0.87008435 -0.9114631  -1.241796
   -1.1120926  -1.1346674  -1.089335   -1.2300096  -1.1965784
   -1.3103225  -1.7711684  -1.3861794  -1.1174456  -1.4798495
   -1.5761964  -1.6159317  -1.5644577  -1.550221   -1.4336193
   -1.3448365  -1.3334751  -1.3833534  -1.260043   -1.3292394
   -1.3822393  -1.5077262  -1.4019996  -1.3670522  -1.3671043
   -1.5963949  -1.7816405  -1.7237129  -1.8952795  -1.9036667
   -1.7796355  -1.8615263  -1.776669   -1.7701781  -1.956517
   -1.8372668  -1.9382782  -1.946642   -2.223963   -2.254204
   -1.9891802  -2.1507678  -2.069064   -1.9613967  -2.1496532
   -2.0296946  -2.1298807  -2.0394564  -2.178159   -2.2445226
   -2.2153652  -2.2989168  -2.3239303  -2.290561   -2.5404425
   -2.4286768  -2.3799913  -2.5537524  -2.6571488  -2.553579
   -2.4411142  -2.6215816  -2.6553438 ]
  [-0.33451346 -0.4295162  -0.60826993  0.12858744  0.21022558
    0.15329136  0.06815798 -0.35458052 -0.2421014  -0.26956803
   -0.30426    -0.7727285  -0.35447416 -0.311921   -0.26204056
   -0.3225863  -0.57904387 -0.5734629  -0.5220003  -0.7601829
   -0.73972684 -0.7770471  -0.84521425 -0.39003184 -0.05465627
   -0.06216568 -0.09151108 -0.734181   -0.54759324 -0.60871243
   -0.91253924 -0.8621076  -0.57784396 -0.4905054  -0.37753195
   -0.48297983 -0.8279205  -0.9704493  -0.92175037 -0.6375495
   -0.61818093 -0.6555204  -0.8149227  -0.63578224 -0.6667537
   -0.62131464 -0.6379389  -0.7219835  -0.7468452  -1.0297658
   -0.75617474 -0.6777292  -0.7258554  -0.69196486 -1.139051
   -0.6795325  -0.50468457 -0.61763114 -0.85673153 -1.1617259
   -0.9336536  -0.897792   -0.74880916 -0.76707387 -1.1724957
   -1.0028454  -1.0627292  -1.0638481  -1.236274   -1.8062614
   -1.5441086  -1.2511045  -1.2762591  -1.1753024  -1.4674866
   -1.3983059  -1.1415433  -1.0739143  -1.1224637  -1.4447798
   -1.4549464  -1.512683   -1.5046508  -1.4046849  -1.5159743
   -1.3197798  -1.2667425  -1.4168248  -1.5087537  -1.4150925
   -1.5641162  -1.730935   -1.6783129  -2.0639665  -2.0214157
   -1.843076   -1.7108911  -1.6751171  -1.8437797  -1.7789401
   -1.636174   -1.9344459  -1.7810826  -2.0428872  -2.2841747
   -1.9850951  -2.0958545  -2.118139   -1.8849676  -2.1131666
   -1.9706705  -1.9644833  -2.2247672  -2.1912124  -2.202148
   -2.1831787  -2.326981   -2.3470035  -2.3671393  -2.5182881
   -2.679219   -2.5771782  -2.6241777  -2.6163886  -2.4957914
   -2.7153792  -2.6660807  -2.6902494 ]
  [-0.23183833 -0.29894108 -0.3972386  -0.00589597 -0.5996636
   -0.1521862   0.00525118 -0.21108906 -0.6400986  -0.3727215
   -0.22265653 -0.0263682  -0.30758512 -0.42380485 -0.6875137
   -0.49316877 -0.98564345 -0.6087628  -0.41509658 -0.28976923
   -0.41406766 -0.37782818 -0.30605546 -0.24908777 -0.4134722
   -0.41165957 -0.36344448 -0.30384463 -0.5718274  -0.52665
   -0.39367104 -0.44453177 -0.8564602  -0.59097934 -0.34627914
   -0.31756252 -0.72670007 -1.0267662  -1.0192225  -1.0777495
   -1.0043397  -0.8896134  -0.7395189  -0.70542663 -0.981729
   -0.8490028  -0.8834065  -1.0257859  -0.7342472  -0.75593424
   -0.6332292  -0.72494644 -0.74695915 -0.90457183 -0.88602847
   -0.9769773  -0.970109   -0.9047409  -1.0221449  -1.1739801
   -1.1651284  -1.09428    -0.9821232  -0.87867445 -0.9510915
   -0.76039726 -0.9262848  -0.9724801  -0.9741059  -1.12143
   -1.3039194  -1.186375   -1.0699854  -1.3291622  -1.2552344
   -1.2148122  -1.0406454  -0.84237206 -1.122158   -1.2658318
   -1.0709263  -1.3959949  -1.5493426  -1.3390658  -1.5136055
   -1.5011373  -1.5802234  -1.7665793  -1.6404942  -1.2530018
   -1.5153595  -1.6120116  -1.5163805  -1.6345752  -2.120345
   -1.968097   -1.7707527  -1.7721874  -1.7477643  -1.8186104
   -1.7464447  -1.9377009  -1.895379   -1.8717964  -2.1808455
   -2.038827   -2.278415   -2.2580762  -2.0221825  -2.2099884
   -2.1110485  -2.131217   -2.367381   -2.696853   -2.4127784
   -2.1918764  -2.212937   -2.3383787  -2.439473   -2.467554
   -2.5038245  -2.571689   -2.6357539  -2.419064   -2.3740575
   -2.6169496  -2.5887399  -2.7109973 ]
  [-0.19521426  0.03668489  0.15313655  0.36505207  0.30144405
    0.2841634   0.27020252  0.10417937 -0.616841   -0.51792955
   -0.36385128 -0.4982329  -0.34487468 -0.39977628 -0.5070507
   -0.579667   -0.74491686 -0.46150744 -0.2905597  -0.31855044
   -0.60003465 -0.5552615  -0.4510895  -0.63869965 -0.5682779
   -0.39346668 -0.23546265 -0.14037696 -0.34367663 -0.46662518
   -1.0924379  -0.55149025 -0.6642022  -0.6533273  -0.5894607
   -0.38141242 -0.8075948  -1.0564435  -0.8928277  -0.77136576
   -0.7001337  -0.6375824  -0.54005265 -0.92804635 -1.3077767
   -1.1390152  -0.89929867 -0.7838953  -0.86059856 -1.1329786
   -1.8574636  -0.6463314  -0.4364259  -0.5960297  -0.94003093
   -0.8728642  -0.5704545  -0.49381196 -0.5760903  -0.6766713
   -0.76808256 -0.9584045  -1.2278413  -0.9496096  -0.87245095
   -0.8512204  -1.0665711  -1.3577437  -1.2169797  -1.1014357
   -1.156764   -1.0753071  -0.9283167  -1.053813   -1.4677842
   -1.2312806  -1.5225462  -1.2866923  -1.1917332  -1.0664082
   -1.1125121  -1.5138264  -1.3350533  -1.3261137  -1.5342758
   -1.8172928  -1.714681   -1.3372252  -1.3608954  -1.6118319
   -1.4729452  -1.7366126  -1.4857513  -1.5714449  -1.7257502
   -1.7188042  -1.7074943  -1.9614089  -1.8992101  -1.7043575
   -1.8324772  -1.9778587  -1.8933294  -1.8536903  -2.0910661
   -2.1212258  -2.0963647  -2.0820346  -2.287535   -2.1607857
   -2.4102218  -2.3479643  -2.3339221  -2.4197583  -2.4384313
   -2.371002   -2.3426116  -2.2789965  -2.4578228  -2.2584016
   -2.4961698  -2.5812042  -2.6852176  -2.5968745  -2.5671737
   -2.737347   -2.539719   -2.537225  ]]]

Feature ranges (min/max per channel):

[doa_features] per-channel ranges (min/max): [(np.float64(-7.000000953674316), np.float64(1.1096127033233643)), (np.float64(-7.000000953674316), np.float64(0.8605889081954956)), (np.float64(-7.000000953674316), np.float64(0.3732742369174957)), (np.float64(-34.97105407714844), np.float64(44.10911560058594)), (np.float64(-36.52806091308594), np.float64(21.954227447509766))]

[sed_features] per-channel ranges (min/max): [(np.float64(-7.000000953674316), np.float64(1.1096127033233643))]

Deep Integrity Check:

==============================
 DATA INTEGRITY & ACTIVITY REPORT
==============================

[doa_labels] Status: OK
  > Range: [0.0000, 0.0000]
  > Math Errors: None

[sed_labels] Status: OK
  > Range: [0.0000, 0.0000]
  > Math Errors: None
  > Activity: 0/3600 frames (0.00%)

[doa_features] Status: OK
  > Range: [-36.5281, 44.1091]
  > Math Errors: None
  > [ALERT] Log-Mel values suggest unusual scaling.

[sed_features] Status: OK
  > Range: [-7.0000, 1.1096]
  > Math Errors: None
